23
1
0 7366 3563 6544 8188 3302 7243 5656 6813 6713 3140 1278 4293 2318 1282 5515 1250 8085 2150 6658 1856 4890 2698
7366 0 4459 990 1416 4508 1063 1902 813 2373 4692 6304 4535 5194 7462 3607 7198 1313 8330 1836 8036 4200 5966
3563 4459 0 3637 5281 705 4336 2749 3906 3806 889 2501 1386 1391 3659 2608 3395 5178 4527 3751 4233 1983 2163
6544 990 3637 0 1812 3686 867 1080 437 1551 3870 5482 3713 4372 6640 2785 6376 1709 7508 1014 7214 3378 5144
8188 1416 5281 1812 0 5330 1885 2724 1635 3195 5514 7126 5357 6016 8284 4429 8020 1373 9152 2658 8858 5022 6788
3302 4508 705 3686 5330 0 4385 2798 3955 3855 628 2240 1435 1130 3398 2657 3134 5227 4266 3800 3972 2032 1902
7243 1063 4336 867 1885 4385 0 1779 690 2250 4569 6181 4412 5071 7339 3484 7075 1782 8207 1713 7913 4077 5843
5656 1902 2749 1080 2724 2798 1779 0 1349 1249 2982 4594 2825 3484 5752 1897 5488 2621 6620 1194 6326 2490 4256
6813 813 3906 437 1635 3955 690 1349 0 1820 4139 5751 3982 4641 6909 3054 6645 1532 7777 1283 7483 3647 5413
6713 2373 3806 1551 3195 3855 2250 1249 1820 0 4039 5651 3882 4541 6809 2954 6545 3092 7677 1665 7383 3547 5313
3140 4692 889 3870 5514 628 4569 2982 4139 4039 0 2078 1619 968 3236 2841 2972 5411 4104 3984 3810 2216 1740
1278 6304 2501 5482 7126 2240 6181 4594 5751 5651 2078 0 3231 1256 1374 4453 1110 7023 2242 5596 1948 3828 1636
4293 4535 1386 3713 5357 1435 4412 2825 3982 3882 1619 3231 0 2121 4389 2684 4125 5254 5257 3827 4963 2059 2893
2318 5194 1391 4372 6016 1130 5071 3484 4641 4541 968 1256 2121 0 2414 3343 2150 5913 3282 4486 2988 2718 918
1282 7462 3659 6640 8284 3398 7339 5752 6909 6809 3236 1374 4389 2414 0 5611 1346 8181 1312 6754 1018 4986 2794
5515 3607 2608 2785 4429 2657 3484 1897 3054 2954 2841 4453 2684 3343 5611 0 5347 4326 6479 2899 6185 2349 4115
1250 7198 3395 6376 8020 3134 7075 5488 6645 6545 2972 1110 4125 2150 1346 5347 0 7917 2214 6490 1920 4722 2530
8085 1313 5178 1709 1373 5227 1782 2621 1532 3092 5411 7023 5254 5913 8181 4326 7917 0 9049 2555 8755 4919 6685
2150 8330 4527 7508 9152 4266 8207 6620 7777 7677 4104 2242 5257 3282 1312 6479 2214 9049 0 7622 1340 5854 3662
6658 1836 3751 1014 2658 3800 1713 1194 1283 1665 3984 5596 3827 4486 6754 2899 6490 2555 7622 0 7328 3492 5258
1856 8036 4233 7214 8858 3972 7913 6326 7483 7383 3810 1948 4963 2988 1018 6185 1920 8755 1340 7328 0 5560 3368
4890 4200 1983 3378 5022 2032 4077 2490 3647 3547 2216 3828 2059 2718 4986 2349 4722 4919 5854 3492 5560 0 3490
2698 5966 2163 5144 6788 1902 5843 4256 5413 5313 1740 1636 2893 918 2794 4115 2530 6685 3662 5258 3368 3490 0
